A = zeros(16);
A(1,:) = [99 124 119 123 242 107 111 197 48 1 103 43 254 215 171 118];
A(2,:) = [202 130 201 125 250 89 71 240 173 212 162 175 156 164 114 192];
A(3,:) = [183 253 147 38 54 63 247 204 52 165 229 241 113 216 49 21];
A(4,:) = [4 199 35 195 24 150 5 154 7 18 128 226 235 39 178 117];
A(5,:) = [9 131 44 26 27 110 90 160 82 59 214 179 41 227 47 132];
A(6,:) = [83 209 0 237 32 252 177 91 106 203 190 57 74 76 88 207];
A(7,:) = [];
A(8,:) = [];
A(9,:) = [];
A(10,:) = [];
A(11,:) = [];
A(12,:) = [];
A(13,:) = [];
A(14,:) = [];
A(15,:) = [];
A(16,:) = [];